10000000000000000000000000001011
00000000000000000000000000001010

10000000000000000000000000000000
00000000000000000000000000000001

01111111111111111111111111111111
00000000000000000000000000000010

11000000000000000000000000000000
10101010101010101010101010101010

00000000000000000000000000000100
11111111111111111111111111111100

10101010101010101010101010101010
01010101010101010101010101010101

01111111111111111111111111111111
11111111111111111111111111111111

10000000000000000000000000000001
00000000000000000000000000000010

01010101010101010101010101010101
10101010101010101010101010101010

01010101010101010101010101010101
00110011001100110011001100110011

11111111111111111111111111111111
00000000000000000000000000000001